   5.0000000000000003E-002   7.0793893129770993E-003  0.55956641221374048       0.55940610687022896       0.55816488549618326     
  0.14999999999999999        4.9091603053435115E-002  0.55331145038167939       0.55353435114503813       0.55330076335877865     
  0.25000000000000000       0.12667328244274809       0.53764580152671759       0.53819083969465653       0.53706717557251904     
  0.34999999999999998       0.23482442748091603       0.51318015267175576       0.51318167938931303       0.51182290076335879     
  0.45000000000000001       0.36009312977099239       0.47803664122137407       0.47879694656488547       0.47911908396946568     
  0.55000000000000004       0.48983511450381678       0.43778778625954201       0.43888244274809163       0.43939847328244275     
  0.65000000000000002       0.61110839694656494       0.39542442748091605       0.39603969465648853       0.39358931297709926     
  0.75000000000000000       0.71225648854961832       0.34619083969465647       0.34817251908396946       0.34764122137404579     
  0.84999999999999998       0.78592213740458017       0.30054961832061067       0.30080152671755728       0.30112977099236643     
  0.94999999999999996       0.82870839694656484       0.25518931297709924       0.25547786259541982       0.25527328244274811     
   1.0500000000000000       0.83417099236641223       0.21141221374045802       0.21055419847328244       0.21109007633587787     
   1.1499999999999999       0.80689007633587784       0.17206564885496184       0.17004427480916032       0.17088244274809161     
   1.2500000000000000       0.75345343511450380       0.13616793893129772       0.13516488549618322       0.13579847328244274     
   1.3500000000000001       0.68148702290076335       0.10556183206106870       0.10512061068702290       0.10617099236641221     
   1.4500000000000000       0.59567480916030535        8.0267175572519084E-002   8.0418320610687016E-002   8.1083969465648859E-002
   1.5500000000000000       0.50410992366412211        5.9735877862595418E-002   5.9967938931297711E-002   6.0186259541984734E-002
   1.6499999999999999       0.41209312977099238        4.3505343511450384E-002   4.3662595419847329E-002   4.3572519083969467E-002
   1.7500000000000000       0.32866259541984733        3.1395419847328243E-002   3.0983206106870231E-002   3.0963358778625955E-002
   1.8500000000000001       0.25510687022900763        2.1760305343511449E-002   2.1832061068702290E-002   2.1629007633587785E-002
   1.9500000000000000       0.19057099236641220        1.4764885496183206E-002   1.4651908396946564E-002   1.4636641221374046E-002
   2.0499999999999998       0.14019541984732825        9.8183206106870237E-003   9.9328244274809168E-003   9.8106870229007631E-003
   2.1499999999999999        9.9302290076335883E-002   6.3801526717557249E-003   6.3450381679389309E-003   6.3282442748091600E-003
   2.2500000000000000        6.8392366412213745E-002   4.0122137404580149E-003   4.0992366412213738E-003   3.9832061068702292E-003
   2.3500000000000001        4.5980152671755724E-002   2.4229007633587785E-003   2.5038167938931299E-003   2.4854961832061068E-003
   2.4500000000000002        3.0132824427480918E-002   1.4854961832061070E-003   1.5404580152671755E-003   1.4931297709923665E-003
   2.5499999999999998        1.9177099236641220E-002   9.6793893129770996E-004   9.0076335877862590E-004   9.5419847328244271E-004
   2.6499999999999999        1.1980152671755725E-002   5.1603053435114504E-004   5.5572519083969471E-004   5.4961832061068707E-004
   2.7500000000000000        7.2183206106870229E-003   2.8244274809160303E-004   3.0381679389312978E-004   2.9618320610687022E-004
   2.8500000000000001        4.3404580152671757E-003   1.9847328244274810E-004   1.6183206106870228E-004   1.8931297709923664E-004
   2.9500000000000002        2.4396946564885498E-003   9.0076335877862601E-005   8.8549618320610691E-005   1.1145038167938932E-004
   3.0499999999999998        1.3877862595419847E-003   4.1221374045801525E-005   4.4274809160305345E-005   2.7480916030534352E-005
   3.1499999999999999        7.8625954198473279E-004   1.6793893129770993E-005   2.2900763358778624E-005   3.3587786259541987E-005
   3.2500000000000000        4.3053435114503817E-004   1.0687022900763359E-005   1.9847328244274811E-005   1.3740458015267176E-005
   3.3500000000000001        2.0458015267175571E-004   6.1068702290076337E-006   6.1068702290076337E-006   1.2213740458015267E-005
   3.4500000000000002        1.1145038167938932E-004   1.5267175572519084E-006   4.5801526717557251E-006   3.0534351145038169E-006
   3.5499999999999998        5.6488549618320608E-005   3.0534351145038169E-006   0.0000000000000000        1.5267175572519084E-006
   3.6499999999999999        2.5954198473282442E-005   0.0000000000000000        3.0534351145038169E-006   1.5267175572519084E-006
   3.7500000000000000        1.2213740458015267E-005   0.0000000000000000        0.0000000000000000        1.5267175572519084E-006
   3.8500000000000001        7.6335877862595415E-006   0.0000000000000000        0.0000000000000000        0.0000000000000000     
   3.9500000000000002        1.5267175572519084E-006   0.0000000000000000        0.0000000000000000        0.0000000000000000     
   4.0499999999999998        1.5267175572519084E-006   0.0000000000000000        0.0000000000000000        0.0000000000000000     
   4.1500000000000004        3.0534351145038169E-006   0.0000000000000000        0.0000000000000000        0.0000000000000000     
   4.2500000000000000        0.0000000000000000        0.0000000000000000        0.0000000000000000        0.0000000000000000     
   4.3499999999999996        0.0000000000000000        0.0000000000000000        0.0000000000000000        0.0000000000000000     
   4.4500000000000002        0.0000000000000000        0.0000000000000000        0.0000000000000000        0.0000000000000000     
   4.5499999999999998        0.0000000000000000        0.0000000000000000        0.0000000000000000        0.0000000000000000     
   4.6500000000000004        0.0000000000000000        0.0000000000000000        0.0000000000000000        0.0000000000000000     
   4.7500000000000000        0.0000000000000000        0.0000000000000000        0.0000000000000000        0.0000000000000000     
   4.8499999999999996        0.0000000000000000        0.0000000000000000        0.0000000000000000        0.0000000000000000     
   4.9500000000000002        0.0000000000000000        0.0000000000000000        0.0000000000000000        0.0000000000000000     
   5.0499999999999998        0.0000000000000000        0.0000000000000000        0.0000000000000000        0.0000000000000000     
